00000
00000
00000
00000
11111
11111
11111
11111
11111
11111
11111
11111
00000
11111
00000
11111
00000
11111
00000
11111
00000
11111
11111
11111
11111
11111
11111
11111
11111
00001
00011
00100
01000
11111
01000
00000
11111
01000
11100
10010
00001
11111
00010
00000
11111
00000
00011
00011
00000
11111
00000
00000
10000
01000
00100
00010
00001
11111
00010
01000
01000
01001
01001
01001
01001
01111
00000
00010
00010
10010
10010
10010
10010
11111
00000
11000
11000
00000
00000
00000
00000
11111
00000
11010
11010
00010
00010
00010
00010
11110
00000
0	0	0	0	0
0	0	0	0	0
0	0	0	0	1
0	0	0	0	1
0	0	0	0	1
0	0	0	0	1
0	0	0	0	1
0	0	0	0	0
0	0	0	0	0
0	0	0	0	0
1	0	0	0	0
1	0	1	1	1
1	0	1	1	1
0	0	1	1	1
1	1	1	1	1
0	0	1	1	1
0	0	0	0	0
0	0	0	0	0
0	0	0	0	0
1	1	1	1	1
1	1	1	1	1
1	1	1	1	1
1	1	1	1	1
1	1	1	1	1
0	0	0	0	0
0	0	0	0	0
0	0	1	1	0
0	0	1	1	0
0	0	1	1	0
0	0	0	1	0
1	1	1	1	0
0	0	0	0	0
0	0	0	0	0
0	1	0	1	0
0	1	0	1	0
0	0	0	0	0
0	1	1	1	0
0	0	0	0	0
0	0	1	0	0
0	0	0	0	0
0	0	1	1	1
0	0	1	1	1
0	0	1	1	1
0	0	1	1	1
1	1	1	1	0
1	1	1	1	0
0	0	0	0	0
0	0	0	0	0
1	1	1	1	1
1	1	1	1	1
1	1	1	1	1
1	1	1	1	1
0	0	0	0	1
0	0	0	0	1
0	0	0	0	0
0	0	0	0	0
0	0	0	0	0
0	0	0	0	0
0	0	0	0	0
0	1	1	0	0
1	1	1	0	0
1	1	1	0	0
0	0	0	0	0
0	0	0	0	0