68 6F 6C 61 20 73 6F 79 20 2F 5F 20 20 20 5F 5F 5F 20 CD 30 20 20 62 75 68 69 20 20 2F 40 20 CD 20 2F 40 20 20 CD 20 CD 70 72 65 63 69 6F 6E 61 CD 5F 5F 2F 6E CD 5F 5F 5F 2F 20 2F 75 6E 20 62 6F 74 6F 6E 20 CD 5F CD A8 2F 5F 5F 5F 5F 2F 30
31 31 31 31 31 31 31 31 31 31 31 31 31 31 31 31 31 31 31 31 31 31 31 31 31 31 31 31 31 31 31 31 31 31 31 31 31 31 31 31 31 31 31 31 31 31 31 31 31 31 31 31 31 31 31 31 31 31 31 31 31 31 31 31 31 31 31 31 31 31 31 31 31 31 31 31 31 31 31 31
31 31 31 31 31 31 31 31 31 31 31 31 31 31 31 31 31 31 31 31 31 31 31 31 31 31 31 31 31 31 31 31 31 31 31 31 31 31 31 31 31 31 31 31 31 31 31 31 31 31 31 31 31 31 31 31 31 31 31 31 31 31 31 31 31 31 31 31 31 31 31 31 31 31 31 31 31 31 31 31
31 31 31 31 31 31 31 31 31 31 31 31 31 31 31 31 31 31 31 31 31 31 31 31 31 31 31 31 31 31 31 31 31 31 31 31 31 31 31 31 31 31 31 31 31 31 31 31 31 31 31 31 31 31 31 31 31 31 31 31 31 31 31 31 31 31 31 31 31 31 31 31 31 31 31 31 31 31 31 31
31 31 31 31 31 31 31 31 31 31 31 31 31 31 31 31 31 31 31 31 31 31 31 31 31 31 31 31 31 31 31 31 31 31 31 31 31 31 31 31 31 31 31 31 31 31 31 31 31 31 31 31 31 31 31 31 31 31 31 31 31 31 31 31 31 31 31 31 31 31 31 31 31 31 31 31 31 31 31 31
31 31 31 31 31 31 31 31 31 31 31 31 31 31 31 31 31 31 31 31 31 31 31 31 31 31 31 31 31 31 31 31 31 31 31 31 31 31 31 31 31 31 31 31 31 31 31 31 31 31 31 31 31 31 31 31 31 31 31 31 31 31 31 31 31 31 31 31 31 31 31 31 31 31 31 31 31 31 31 31
31 31 31 31 31 31 31 31 31 31 31 31 31 31 31 31 31 31 31 31 31 31 31 31 31 31 31 31 31 31 31 31 31 31 31 31 31 31 31 31 31 31 31 31 31 31 31 31 31 31 31 31 31 31 31 31 31 31 31 31 31 31 31 31 31 31 31 31 31 31 31 31 31 31 31 31 31 31 31 31
31 31 31 31 31 31 31 31 31 31 31 31 31 31 31 31 31 31 31 31 31 31 31 31 31 31 31 31 31 31 31 31 31 31 31 31 31 31 31 31 31 31 31 31 31 31 31 31 31 31 31 31 31 31 31 31 31 31 31 31 31 31 31 31 31 31 31 31 31 31 31 31 31 31 31 31 31 31 31 31
20 2F CD 20 2F CD 20 38 39 30 31 32 33 34 35 36 37 38 39 30 28 28 6F 76 6F 29 29 38 39 30 31 32 33 34 35 36 37 38 39 30 28 29 3A 3A 3A 28 29 38 39 30 31 32 33 34 35 36 37 38 39 30 20 20 56 56 56 20 20 38 39 30 31 32 33 34 35 36 37 38 39 30
20 2F CD 20 2F CD 20 38 39 30 31 32 33 34 35 36 37 38 39 30 28 28 6F 76 6F 29 29 38 39 30 31 32 33 34 35 36 37 38 39 30 28 29 3A 3A 3A 28 29 38 39 30 31 32 33 34 35 36 37 38 39 30 20 20 56 56 56 20 20 38 39 30 31 32 33 34 35 36 37 38 39 31
20 2F CD 20 2F CD 20 38 39 30 31 32 33 34 35 36 37 38 39 30 28 28 6F 76 6F 29 29 38 39 30 31 32 33 34 35 36 37 38 39 30 28 29 3A 3A 3A 28 29 38 39 30 31 32 33 34 35 36 37 38 39 30 20 20 56 56 56 20 20 38 39 30 31 32 33 34 35 36 37 38 39 32
20 2F CD 20 2F CD 20 38 39 30 31 32 33 34 35 36 37 38 39 30 28 28 6F 76 6F 29 29 38 39 30 31 32 33 34 35 36 37 38 39 30 28 29 3A 3A 3A 28 29 38 39 30 31 32 33 34 35 36 37 38 39 30 20 20 56 56 56 20 20 38 39 30 31 32 33 34 35 36 37 38 39 33
20 2F CD 20 2F CD 20 38 39 30 31 32 33 34 35 36 37 38 39 30 28 28 6F 76 6F 29 29 38 39 30 31 32 33 34 35 36 37 38 39 30 28 29 3A 3A 3A 28 29 38 39 30 31 32 33 34 35 36 37 38 39 30 20 20 56 56 56 20 20 38 39 30 31 32 33 34 35 36 37 38 39 34
20 2F CD 20 2F CD 20 38 39 30 31 32 33 34 35 36 37 38 39 30 28 28 6F 76 6F 29 29 38 39 30 31 32 33 34 35 36 37 38 39 30 28 29 3A 3A 3A 28 29 38 39 30 31 32 33 34 35 36 37 38 39 30 20 20 56 56 56 20 20 38 39 30 31 32 33 34 35 36 37 38 39 35
20 2F CD 20 2F CD 20 38 39 30 31 32 33 34 35 36 37 38 39 30 28 28 6F 76 6F 29 29 38 39 30 31 32 33 34 35 36 37 38 39 30 28 29 3A 3A 3A 28 29 38 39 30 31 32 33 34 35 36 37 38 39 30 20 20 56 56 56 20 20 38 39 30 31 32 33 34 35 36 37 38 39 36
20 2F CD 20 2F CD 20 38 39 30 31 32 33 34 35 36 37 38 39 30 28 28 6F 76 6F 29 29 38 39 30 31 32 33 34 35 36 37 38 39 30 28 29 3A 3A 3A 28 29 38 39 30 31 32 33 34 35 36 37 38 39 30 20 20 56 56 56 20 20 38 39 30 31 32 33 34 35 36 37 38 39 37
20 3A 5F 28 2A 5F 2A 29 5F 3A 71 75 69 65 72 6F 20 75 6E 61 3A 28 5F 20 20 6F 20 20 5F 29 3A 20 67 61 6C 6C 65 74 61 20 3A 20 20 2F 20 6F 20 CD 20 20 3A 64 65 20 63 6F 6C 6F 72 3A 3A 20 28 5F 2F 20 CD 5F 29 20 3A 32 33 34 35 36 37 38 39 30
20 3A 5F 28 2A 5F 2A 29 5F 3A 71 75 69 65 72 6F 20 75 6E 61 3A 28 5F 20 20 6F 20 20 5F 29 3A 20 67 61 6C 6C 65 74 61 20 3A 20 20 2F 20 6F 20 CD 20 20 3A 64 65 20 63 6F 6C 6F 72 3A 3A 20 28 5F 2F 20 CD 5F 29 20 3A 32 33 34 35 36 37 38 39 30
20 3A 5F 28 2A 5F 2A 29 5F 3A 71 75 69 65 72 6F 20 75 6E 61 3A 28 5F 20 20 6F 20 20 5F 29 3A 20 67 61 6C 6C 65 74 61 20 3A 20 20 2F 20 6F 20 CD 20 20 3A 64 65 20 63 6F 6C 6F 72 3A 3A 20 28 5F 2F 20 CD 5F 29 20 3A 32 33 34 35 36 37 38 39 30
20 3A 5F 28 2A 5F 2A 29 5F 3A 71 75 69 65 72 6F 20 75 6E 61 3A 28 5F 20 20 6F 20 20 5F 29 3A 20 67 61 6C 6C 65 74 61 20 3A 20 20 2F 20 6F 20 CD 20 20 3A 64 65 20 63 6F 6C 6F 72 3A 3A 20 28 5F 2F 20 CD 5F 29 20 3A 32 33 34 35 36 37 38 39 30
20 3A 5F 28 2A 5F 2A 29 5F 3A 71 75 69 65 72 6F 20 75 6E 61 3A 28 5F 20 20 6F 20 20 5F 29 3A 20 67 61 6C 6C 65 74 61 20 3A 20 20 2F 20 6F 20 CD 20 20 3A 64 65 20 63 6F 6C 6F 72 3A 3A 20 28 5F 2F 20 CD 5F 29 20 3A 32 33 34 35 36 37 38 39 30
20 3A 5F 28 2A 5F 2A 29 5F 3A 71 75 69 65 72 6F 20 75 6E 61 3A 28 5F 20 20 6F 20 20 5F 29 3A 20 67 61 6C 6C 65 74 61 20 3A 20 20 2F 20 6F 20 CD 20 20 3A 64 65 20 63 6F 6C 6F 72 3A 3A 20 28 5F 2F 20 CD 5F 29 20 3A 32 33 34 35 36 37 38 39 30
20 3A 5F 28 2A 5F 2A 29 5F 3A 71 75 69 65 72 6F 20 75 6E 61 3A 28 5F 20 20 6F 20 20 5F 29 3A 20 67 61 6C 6C 65 74 61 20 3A 20 20 2F 20 6F 20 CD 20 20 3A 64 65 20 63 6F 6C 6F 72 3A 3A 20 28 5F 2F 20 CD 5F 29 20 3A 32 33 34 35 36 37 38 39 30
20 3A 5F 28 2A 5F 2A 29 5F 3A 71 75 69 65 72 6F 20 75 6E 61 3A 28 5F 20 20 6F 20 20 5F 29 3A 20 67 61 6C 6C 65 74 61 20 3A 20 20 2F 20 6F 20 CD 20 20 3A 64 65 20 63 6F 6C 6F 72 3A 3A 20 28 5F 2F 20 CD 5F 29 20 3A 32 33 34 35 36 37 38 39 30
20 2C 2D 2C 2D 2E 20 38 39 30 31 32 33 34 35 36 37 38 39 30 2F 2E 28 20 2B 2E CD 38 39 30 31 32 33 34 35 36 37 38 39 30 CD 20 7B 2E 20 2A 2F 38 39 30 31 32 33 34 35 36 37 38 39 30 20 60 2D 60 2D 27 20 38 39 30 31 32 33 34 35 36 37 38 39 30
20 2C 2D 2C 2D 2E 20 38 39 30 31 32 33 34 35 36 37 38 39 30 2F 2E 28 20 2B 2E CD 38 39 30 31 32 33 34 35 36 37 38 39 30 CD 20 7B 2E 20 2A 2F 38 39 30 31 32 33 34 35 36 37 38 39 30 20 60 2D 60 2D 27 20 38 39 30 31 32 33 34 35 36 37 38 39 30
20 2C 2D 2C 2D 2E 20 38 39 30 31 32 33 34 35 36 37 38 39 30 2F 2E 28 20 2B 2E CD 38 39 30 31 32 33 34 35 36 37 38 39 30 CD 20 7B 2E 20 2A 2F 38 39 30 31 32 33 34 35 36 37 38 39 30 20 60 2D 60 2D 27 20 38 39 30 31 32 33 34 35 36 37 38 39 30
20 2C 2D 2C 2D 2E 20 38 39 30 31 32 33 34 35 36 37 38 39 30 2F 2E 28 20 2B 2E CD 38 39 30 31 32 33 34 35 36 37 38 39 30 CD 20 7B 2E 20 2A 2F 38 39 30 31 32 33 34 35 36 37 38 39 30 20 60 2D 60 2D 27 20 38 39 30 31 32 33 34 35 36 37 38 39 30
20 2C 2D 2C 2D 2E 20 38 39 30 31 32 33 34 35 36 37 38 39 30 2F 2E 28 20 2B 2E CD 38 39 30 31 32 33 34 35 36 37 38 39 30 CD 20 7B 2E 20 2A 2F 38 39 30 31 32 33 34 35 36 37 38 39 30 20 60 2D 60 2D 27 20 38 39 30 31 32 33 34 35 36 37 38 39 30
20 2C 2D 2C 2D 2E 20 38 39 30 31 32 33 34 35 36 37 38 39 30 2F 2E 28 20 2B 2E CD 38 39 30 31 32 33 34 35 36 37 38 39 30 CD 20 7B 2E 20 2A 2F 38 39 30 31 32 33 34 35 36 37 38 39 30 20 60 2D 60 2D 27 20 38 39 30 31 32 33 34 35 36 37 38 39 30
20 2C 2D 2C 2D 2E 20 38 39 30 31 32 33 34 35 36 37 38 39 30 2F 2E 28 20 2B 2E CD 38 39 30 31 32 33 34 35 36 37 38 39 30 CD 20 7B 2E 20 2A 2F 38 39 30 31 32 33 34 35 36 37 38 39 30 20 60 2D 60 2D 27 20 38 39 30 31 32 33 34 35 36 37 38 39 30
20 2C 2D 2C 2D 2E 20 38 39 30 31 32 33 34 35 36 37 38 39 30 2F 2E 28 20 2B 2E CD 38 39 30 31 32 33 34 35 36 37 38 39 30 CD 20 7B 2E 20 2A 2F 38 39 30 31 32 33 34 35 36 37 38 39 30 20 60 2D 60 2D 27 20 38 39 30 31 32 33 34 35 36 37 38 39 30
31 32 33 34 35 36 37 38 39 30 31 32 33 34 35 36 37 38 39 30 20 6F 20 7C 35 36 37 38 39 30 31 32 33 34 35 36 37 38 39 30 2F 7C CD 7C 35 36 37 38 39 30 31 32 33 34 35 36 37 38 39 30 2F 20 CD 7C 35 36 37 38 39 30 31 32 33 34 35 36 37 38 39 30
31 32 33 34 35 36 37 38 39 30 31 32 33 34 35 36 37 38 39 30 CD 20 6F 20 2F 7C 37 38 39 30 31 32 33 34 35 36 37 38 39 30 20 20 7C 20 20 7C 37 38 39 30 31 32 33 34 35 36 37 38 39 30 20 2F 20 CD 20 7C 37 38 39 30 31 32 33 34 35 36 37 38 39 30
31 32 33 34 35 36 37 38 39 30 31 32 33 34 35 36 37 38 39 30 5F 20 6F 7C 35 36 37 38 39 30 31 32 33 34 35 36 37 38 39 30 20 2F CD 7C 35 36 37 38 39 30 31 32 33 34 35 36 37 38 39 30 7C 20 CD 7C 35 36 37 38 39 30 31 32 33 34 35 36 37 38 39 30
31 32 33 34 35 36 37 38 39 30 31 32 33 34 35 36 37 38 39 30 20 20 20 20 20 7C 37 38 39 30 31 32 33 34 35 36 37 38 39 30 20 5F 5F CD 6F 7C 37 38 39 30 31 32 33 34 35 36 37 38 39 30 2F 29 20 7C 20 7C 37 38 39 30 31 32 33 34 35 36 37 38 39 30
31 32 33 34 35 36 37 38 39 30 31 32 33 34 35 36 37 38 39 30 5F 5F 7C 20 20 7C 37 38 39 30 31 32 33 34 35 36 37 38 39 30 20 20 CD 6F 20 7C 37 38 39 30 31 32 33 34 35 36 37 38 39 30 20 20 28 20 CD 7C 37 38 39 30 31 32 33 34 35 36 37 38 39 30
31 32 33 34 35 36 37 38 39 30 31 32 33 34 35 36 37 38 39 30 CD 20 2F 7C 35 36 37 38 39 30 31 32 33 34 35 36 37 38 39 30 20 7C 20 7C 35 36 37 38 39 30 31 32 33 34 35 36 37 38 39 30 2F 6F CD 7C 35 36 37 38 39 30 31 32 33 34 35 36 37 38 39 30
31 32 33 34 35 36 37 38 39 30 31 32 33 34 35 36 37 38 39 30 20 20 20 7C 5F 5F 7C 38 39 30 31 32 33 34 35 36 37 38 39 30 20 6F 2F 20 20 20 7C 38 39 30 31 32 33 34 35 36 37 38 39 30 2F 20 29 20 20 20 7C 38 39 30 31 32 33 34 35 36 37 38 39 30
31 32 33 34 35 36 37 38 39 30 31 32 33 34 35 36 37 38 39 30 20 20 20 20 20 20 7C 38 39 30 31 32 33 34 35 36 37 38 39 30 20 6F 2F 5F 5F 20 7C 38 39 30 31 32 33 34 35 36 37 38 39 30 7C 20 20 20 28 CD 7C 38 39 30 31 32 33 34 35 36 37 38 39 30
20 5F 5F 20 20 20 5F 5F 5F 5F 5F 20 5F 5F 5F 5F 5F 20 39 30 2F 20 2F CD 20 2F 20 20 20 20 20 7C 3A 3A 3A 3A 3A CD 39 30 CD 2F 5F 2F 20 CD 20 20 20 20 20 7C 3A 3A 3A 3A 3A 2F 39 30 20 20 20 20 20 20 60 22 22 22 22 22 22 22 22 22 60 20 39 30
20 5F 5F 20 20 20 5F 5F 5F 5F 5F 20 5F 5F 5F 5F 5F 20 39 30 2F 20 2F CD 20 2F 20 20 20 20 20 7C 3A 3A 3A 3A 3A CD 39 30 CD 2F 5F 2F 20 CD 20 20 20 20 20 7C 3A 3A 3A 3A 3A 2F 39 30 20 20 20 20 20 20 60 22 22 22 22 22 22 22 22 22 60 20 39 30
20 5F 5F 20 20 20 5F 5F 5F 5F 5F 20 5F 5F 5F 5F 5F 20 39 30 2F 20 2F CD 20 2F 20 20 20 20 20 7C 3A 3A 3A 3A 3A CD 39 30 CD 2F 5F 2F 20 CD 20 20 20 20 20 7C 3A 3A 3A 3A 3A 2F 39 30 20 20 20 20 20 20 60 22 22 22 22 22 22 22 22 22 60 20 39 30
20 5F 5F 20 20 20 5F 5F 5F 5F 5F 20 5F 5F 5F 5F 5F 20 39 30 2F 20 2F CD 20 2F 20 20 20 20 20 7C 3A 3A 3A 3A 3A CD 39 30 CD 2F 5F 2F 20 CD 20 20 20 20 20 7C 3A 3A 3A 3A 3A 2F 39 30 20 20 20 20 20 20 60 22 22 22 22 22 22 22 22 22 60 20 39 30
20 5F 5F 20 20 20 5F 5F 5F 5F 5F 20 5F 5F 5F 5F 5F 20 39 30 2F 20 2F CD 20 2F 20 20 20 20 20 7C 3A 3A 3A 3A 3A CD 39 30 CD 2F 5F 2F 20 CD 20 20 20 20 20 7C 3A 3A 3A 3A 3A 2F 39 30 20 20 20 20 20 20 60 22 22 22 22 22 22 22 22 22 60 20 39 30
20 5F 5F 20 20 20 5F 5F 5F 5F 5F 20 5F 5F 5F 5F 5F 20 39 30 2F 20 2F CD 20 2F 20 20 20 20 20 7C 3A 3A 3A 3A 3A CD 39 30 CD 2F 5F 2F 20 CD 20 20 20 20 20 7C 3A 3A 3A 3A 3A 2F 39 30 20 20 20 20 20 20 60 22 22 22 22 22 22 22 22 22 60 20 39 30
20 5F 5F 20 20 20 5F 5F 5F 5F 5F 20 5F 5F 5F 5F 5F 20 39 30 2F 20 2F CD 20 2F 20 20 20 20 20 7C 3A 3A 3A 3A 3A CD 39 30 CD 2F 5F 2F 20 CD 20 20 20 20 20 7C 3A 3A 3A 3A 3A 2F 39 30 20 20 20 20 20 20 60 22 22 22 22 22 22 22 22 22 60 20 39 30
20 5F 5F 20 20 20 5F 5F 5F 5F 5F 20 5F 5F 5F 5F 5F 20 39 30 2F 20 2F CD 20 2F 20 20 20 20 20 7C 3A 3A 3A 3A 3A CD 39 30 CD 2F 5F 2F 20 CD 20 20 20 20 20 7C 3A 3A 3A 3A 3A 2F 39 30 20 20 20 20 20 20 60 22 22 22 22 22 22 22 22 22 60 20 39 30
20 5F 5F 2F 20 CD 5F 5F 20 20 20 20 20 2F CD 20 20 20 20 20 5F CD 20 20 20 20 20 2F 5F 2D 2E 2D 2F 2D 2D CD 2D 2C 2D 20 20 2F 5F 20 20 20 5F CD 20 20 20 2F 2D 2E 2C 2D CD 20 20 20 27 20 20 CD 20 2F 20 20 60 20 2F 2C 2D 27 27 2D 2E CD 20 20
32 32 32 32 32 32 32 32 32 32 32 32 32 32 32 32 32 32 32 32 32 32 32 32 32 32 32 32 32 32 32 32 32 32 32 32 32 32 32 32 32 32 32 32 32 32 32 32 32 32 32 32 32 32 32 32 32 32 32 32 32 32 32 32 32 32 32 32 32 32 32 32 32 32 32 32 32 32 32 32
33 33 33 33 33 33 33 33 33 33 33 33 33 33 33 33 33 33 33 33 33 33 33 33 33 33 33 33 33 33 33 33 33 33 33 33 33 33 33 33 33 33 33 33 33 33 33 33 33 33 33 33 33 33 33 33 33 33 33 33 33 33 33 33 33 33 33 33 33 33 33 33 33 33 33 33 33 33 33 33
34 34 34 34 34 34 34 34 34 34 34 34 34 34 34 34 34 34 34 34 34 34 34 34 34 34 34 34 34 34 34 34 34 34 34 34 34 34 34 34 34 34 34 34 34 34 34 34 34 34 34 34 34 34 34 34 34 34 34 34 34 34 34 34 34 34 34 34 34 34 34 34 34 34 34 34 34 34 34 34
35 35 35 35 35 35 35 35 35 35 35 35 35 35 35 35 35 35 35 35 35 35 35 35 35 35 35 35 35 35 35 35 35 35 35 35 35 35 35 35 35 35 35 35 35 35 35 35 35 35 35 35 35 35 35 35 35 35 35 35 35 35 35 35 35 35 35 35 35 35 35 35 35 35 35 35 35 35 35 35
36 36 36 36 36 36 36 36 36 36 36 36 36 36 36 36 36 36 36 36 36 36 36 36 36 36 36 36 36 36 36 36 36 36 36 36 36 36 36 36 36 36 36 36 36 36 36 36 36 36 36 36 36 36 36 36 36 36 36 36 36 36 36 36 36 36 36 36 36 36 36 36 36 36 36 36 36 36 36 36
37 37 37 37 37 37 37 37 37 37 37 37 37 37 37 37 37 37 37 37 37 37 37 37 37 37 37 37 37 37 37 37 37 37 37 37 37 37 37 37 37 37 37 37 37 37 37 37 37 37 37 37 37 37 37 37 37 37 37 37 37 37 37 37 37 37 37 37 37 37 37 37 37 37 37 37 37 37 37 37
38 38 38 38 38 38 38 38 38 38 38 38 38 38 38 38 38 38 38 38 38 38 38 38 38 38 38 38 38 38 38 38 38 38 38 38 38 38 38 38 38 38 38 38 38 38 38 38 38 38 38 38 38 38 38 38 38 38 38 38 38 38 38 38 38 38 38 38 38 38 38 38 38 38 38 38 38 38 38 38
20 2F CD 20 2F CD 20 38 39 30 31 32 33 34 35 36 37 38 39 30 28 28 6F 76 6F 29 29 38 39 30 31 32 33 34 35 36 37 38 39 30 28 29 3A 3A 3A 28 29 38 39 30 31 32 33 34 35 36 37 38 39 30 20 20 56 56 56 20 20 38 39 30 31 32 33 34 35 36 37 38 39 30
61 61 61 61 61 61 61 61 61 61 61 61 61 61 61 61 61 61 61 61 61 61 61 61 61 61 61 61 61 61 61 61 61 61 61 61 61 61 61 61 61 61 61 61 61 61 61 61 61 61 61 61 61 61 61 61 61 61 61 61 61 61 61 61 61 61 61 61 61 61 61 61 61 61 61 61 61 61 61 61
62 62 62 62 62 62 62 62 62 62 62 62 62 62 62 62 62 62 62 62 62 62 62 62 62 62 62 62 62 62 62 62 62 62 62 62 62 62 62 62 62 62 62 62 62 62 62 62 62 62 62 62 62 62 62 62 62 62 62 62 62 62 62 62 62 62 62 62 62 62 62 62 62 62 62 62 62 62 62 62
63 63 63 63 63 63 63 63 63 63 63 63 63 63 63 63 63 63 63 63 63 63 63 63 63 63 63 63 63 63 63 63 63 63 63 63 63 63 63 63 63 63 63 63 63 63 63 63 63 63 63 63 63 63 63 63 63 63 63 63 63 63 63 63 63 63 63 63 63 63 63 63 63 63 63 63 63 63 63 63
64 64 64 64 64 64 64 64 64 64 64 64 64 64 64 64 64 64 64 64 64 64 64 64 64 64 64 64 64 64 64 64 64 64 64 64 64 64 64 64 64 64 64 64 64 64 64 64 64 64 64 64 64 64 64 64 64 64 64 64 64 64 64 64 64 64 64 64 64 64 64 64 64 64 64 64 64 64 64 64
65 65 65 65 65 65 65 65 65 65 65 65 65 65 65 65 65 65 65 65 65 65 65 65 65 65 65 65 65 65 65 65 65 65 65 65 65 65 65 65 65 65 65 65 65 65 65 65 65 65 65 65 65 65 65 65 65 65 65 65 65 65 65 65 65 65 65 65 65 65 65 65 65 65 65 65 65 65 65 65
66 66 66 66 66 66 66 66 66 66 66 66 66 66 66 66 66 66 66 66 66 66 66 66 66 66 66 66 66 66 66 66 66 66 66 66 66 66 66 66 66 66 66 66 66 66 66 66 66 66 66 66 66 66 66 66 66 66 66 66 66 66 66 66 66 66 66 66 66 66 66 66 66 66 66 66 66 66 66 66
67 67 67 67 67 67 67 67 67 67 67 67 67 67 67 67 67 67 67 67 67 67 67 67 67 67 67 67 67 67 67 67 67 67 67 67 67 67 67 67 67 67 67 67 67 67 67 67 67 67 67 67 67 67 67 67 67 67 67 67 67 67 67 67 67 67 67 67 67 67 67 67 67 67 67 67 67 67 67 67
21 21 21 21 21 21 21 21 21 21 21 21 21 21 21 21 21 21 21 21 21 21 21 21 21 21 21 21 21 21 21 21 21 21 21 21 21 21 21 21 21 21 21 21 21 21 21 21 21 21 21 21 21 21 21 21 21 21 21 21 21 21 21 21 21 21 21 21 21 21 21 21 21 21 21 21 21 21 21 21
22 22 22 22 22 22 22 22 22 22 22 22 22 22 22 22 22 22 22 22 22 22 22 22 22 22 22 22 22 22 22 22 22 22 22 22 22 22 22 22 22 22 22 22 22 22 22 22 22 22 22 22 22 22 22 22 22 22 22 22 22 22 22 22 22 22 22 22 22 22 22 22 22 22 22 22 22 22 22 22
23 23 23 23 23 23 23 23 23 23 23 23 23 23 23 23 23 23 23 23 23 23 23 23 23 23 23 23 23 23 23 23 23 23 23 23 23 23 23 23 23 23 23 23 23 23 23 23 23 23 23 23 23 23 23 23 23 23 23 23 23 23 23 23 23 23 23 23 23 23 23 23 23 23 23 23 23 23 23 23
24 24 24 24 24 24 24 24 24 24 24 24 24 24 24 24 24 24 24 24 24 24 24 24 24 24 24 24 24 24 24 24 24 24 24 24 24 24 24 24 24 24 24 24 24 24 24 24 24 24 24 24 24 24 24 24 24 24 24 24 24 24 24 24 24 24 24 24 24 24 24 24 24 24 24 24 24 24 24 24
25 25 25 25 25 25 25 25 25 25 25 25 25 25 25 25 25 25 25 25 25 25 25 25 25 25 25 25 25 25 25 25 25 25 25 25 25 25 25 25 25 25 25 25 25 25 25 25 25 25 25 25 25 25 25 25 25 25 25 25 25 25 25 25 25 25 25 25 25 25 25 25 25 25 25 25 25 25 25 25
26 26 26 26 26 26 26 26 26 26 26 26 26 26 26 26 26 26 26 26 26 26 26 26 26 26 26 26 26 26 26 26 26 26 26 26 26 26 26 26 26 26 26 26 26 26 26 26 26 26 26 26 26 26 26 26 26 26 26 26 26 26 26 26 26 26 26 26 26 26 26 26 26 26 26 26 26 26 26 26
27 27 27 27 27 27 27 27 27 27 27 27 27 27 27 27 27 27 27 27 27 27 27 27 27 27 27 27 27 27 27 27 27 27 27 27 27 27 27 27 27 27 27 27 27 27 27 27 27 27 27 27 27 27 27 27 27 27 27 27 27 27 27 27 27 27 27 27 27 27 27 27 27 27 27 27 27 27 27 27
28 28 28 28 28 28 28 28 28 28 28 28 28 28 28 28 28 28 28 28 28 28 28 28 28 28 28 28 28 28 28 28 28 28 28 28 28 28 28 28 28 28 28 28 28 28 28 28 28 28 28 28 28 28 28 28 28 28 28 28 28 28 28 28 28 28 28 28 28 28 28 28 28 28 28 28 28 28 28 28
29 29 29 29 29 29 29 29 29 29 29 29 29 29 29 29 29 29 29 29 29 29 29 29 29 29 29 29 29 29 29 29 29 29 29 29 29 29 29 29 29 29 29 29 29 29 29 29 29 29 29 29 29 29 29 29 29 29 29 29 29 29 29 29 29 29 29 29 29 29 29 29 29 29 29 29 29 29 29 29
2A 2A 2A 2A 2A 2A 2A 2A 2A 2A 2A 2A 2A 2A 2A 2A 2A 2A 2A 2A 2A 2A 2A 2A 2A 2A 2A 2A 2A 2A 2A 2A 2A 2A 2A 2A 2A 2A 2A 2A 2A 2A 2A 2A 2A 2A 2A 2A 2A 2A 2A 2A 2A 2A 2A 2A 2A 2A 2A 2A 2A 2A 2A 2A 2A 2A 2A 2A 2A 2A 2A 2A 2A 2A 2A 2A 2A 2A 2A 2A
2B 2B 2B 2B 2B 2B 2B 2B 2B 2B 2B 2B 2B 2B 2B 2B 2B 2B 2B 2B 2B 2B 2B 2B 2B 2B 2B 2B 2B 2B 2B 2B 2B 2B 2B 2B 2B 2B 2B 2B 2B 2B 2B 2B 2B 2B 2B 2B 2B 2B 2B 2B 2B 2B 2B 2B 2B 2B 2B 2B 2B 2B 2B 2B 2B 2B 2B 2B 2B 2B 2B 2B 2B 2B 2B 2B 2B 2B 2B 2B
2C 2C 2C 2C 2C 2C 2C 2C 2C 2C 2C 2C 2C 2C 2C 2C 2C 2C 2C 2C 2C 2C 2C 2C 2C 2C 2C 2C 2C 2C 2C 2C 2C 2C 2C 2C 2C 2C 2C 2C 2C 2C 2C 2C 2C 2C 2C 2C 2C 2C 2C 2C 2C 2C 2C 2C 2C 2C 2C 2C 2C 2C 2C 2C 2C 2C 2C 2C 2C 2C 2C 2C 2C 2C 2C 2C 2C 2C 2C 2C
2D 2D 2D 2D 2D 2D 2D 2D 2D 2D 2D 2D 2D 2D 2D 2D 2D 2D 2D 2D 2D 2D 2D 2D 2D 2D 2D 2D 2D 2D 2D 2D 2D 2D 2D 2D 2D 2D 2D 2D 2D 2D 2D 2D 2D 2D 2D 2D 2D 2D 2D 2D 2D 2D 2D 2D 2D 2D 2D 2D 2D 2D 2D 2D 2D 2D 2D 2D 2D 2D 2D 2D 2D 2D 2D 2D 2D 2D 2D 2D
2E 2E 2E 2E 2E 2E 2E 2E 2E 2E 2E 2E 2E 2E 2E 2E 2E 2E 2E 2E 2E 2E 2E 2E 2E 2E 2E 2E 2E 2E 2E 2E 2E 2E 2E 2E 2E 2E 2E 2E 2E 2E 2E 2E 2E 2E 2E 2E 2E 2E 2E 2E 2E 2E 2E 2E 2E 2E 2E 2E 2E 2E 2E 2E 2E 2E 2E 2E 2E 2E 2E 2E 2E 2E 2E 2E 2E 2E 2E 2E
2F 2F 2F 2F 2F 2F 2F 2F 2F 2F 2F 2F 2F 2F 2F 2F 2F 2F 2F 2F 2F 2F 2F 2F 2F 2F 2F 2F 2F 2F 2F 2F 2F 2F 2F 2F 2F 2F 2F 2F 2F 2F 2F 2F 2F 2F 2F 2F 2F 2F 2F 2F 2F 2F 2F 2F 2F 2F 2F 2F 2F 2F 2F 2F 2F 2F 2F 2F 2F 2F 2F 2F 2F 2F 2F 2F 2F 2F 2F 2F
30 30 30 30 30 30 30 30 30 30 30 30 30 30 30 30 30 30 30 30 30 30 30 30 30 30 30 30 30 30 30 30 30 30 30 30 30 30 30 30 30 30 30 30 30 30 30 30 30 30 30 30 30 30 30 30 30 30 30 30 30 30 30 30 30 30 30 30 30 30 30 30 30 30 30 30 30 30 30 30
31 31 31 31 31 31 31 31 31 31 31 31 31 31 31 31 31 31 31 31 31 31 31 31 31 31 31 31 31 31 31 31 31 31 31 31 31 31 31 31 31 31 31 31 31 31 31 31 31 31 31 31 31 31 31 31 31 31 31 31 31 31 31 31 31 31 31 31 31 31 31 31 31 31 31 31 31 31 31 31
32 32 32 32 32 32 32 32 32 32 32 32 32 32 32 32 32 32 32 32 32 32 32 32 32 32 32 32 32 32 32 32 32 32 32 32 32 32 32 32 32 32 32 32 32 32 32 32 32 32 32 32 32 32 32 32 32 32 32 32 32 32 32 32 32 32 32 32 32 32 32 32 32 32 32 32 32 32 32 32
33 33 33 33 33 33 33 33 33 33 33 33 33 33 33 33 33 33 33 33 33 33 33 33 33 33 33 33 33 33 33 33 33 33 33 33 33 33 33 33 33 33 33 33 33 33 33 33 33 33 33 33 33 33 33 33 33 33 33 33 33 33 33 33 33 33 33 33 33 33 33 33 33 33 33 33 33 33 33 33
34 34 34 34 34 34 34 34 34 34 34 34 34 34 34 34 34 34 34 34 34 34 34 34 34 34 34 34 34 34 34 34 34 34 34 34 34 34 34 34 34 34 34 34 34 34 34 34 34 34 34 34 34 34 34 34 34 34 34 34 34 34 34 34 34 34 34 34 34 34 34 34 34 34 34 34 34 34 34 34
35 35 35 35 35 35 35 35 35 35 35 35 35 35 35 35 35 35 35 35 35 35 35 35 35 35 35 35 35 35 35 35 35 35 35 35 35 35 35 35 35 35 35 35 35 35 35 35 35 35 35 35 35 35 35 35 35 35 35 35 35 35 35 35 35 35 35 35 35 35 35 35 35 35 35 35 35 35 35 35
36 36 36 36 36 36 36 36 36 36 36 36 36 36 36 36 36 36 36 36 36 36 36 36 36 36 36 36 36 36 36 36 36 36 36 36 36 36 36 36 36 36 36 36 36 36 36 36 36 36 36 36 36 36 36 36 36 36 36 36 36 36 36 36 36 36 36 36 36 36 36 36 36 36 36 36 36 36 36 36
37 37 37 37 37 37 37 37 37 37 37 37 37 37 37 37 37 37 37 37 37 37 37 37 37 37 37 37 37 37 37 37 37 37 37 37 37 37 37 37 37 37 37 37 37 37 37 37 37 37 37 37 37 37 37 37 37 37 37 37 37 37 37 37 37 37 37 37 37 37 37 37 37 37 37 37 37 37 37 37
38 38 38 38 38 38 38 38 38 38 38 38 38 38 38 38 38 38 38 38 38 38 38 38 38 38 38 38 38 38 38 38 38 38 38 38 38 38 38 38 38 38 38 38 38 38 38 38 38 38 38 38 38 38 38 38 38 38 38 38 38 38 38 38 38 38 38 38 38 38 38 38 38 38 38 38 38 38 38 38
39 39 39 39 39 39 39 39 39 39 39 39 39 39 39 39 39 39 39 39 39 39 39 39 39 39 39 39 39 39 39 39 39 39 39 39 39 39 39 39 39 39 39 39 39 39 39 39 39 39 39 39 39 39 39 39 39 39 39 39 39 39 39 39 39 39 39 39 39 39 39 39 39 39 39 39 39 39 39 39
3A 3A 3A 3A 3A 3A 3A 3A 3A 3A 3A 3A 3A 3A 3A 3A 3A 3A 3A 3A 3A 3A 3A 3A 3A 3A 3A 3A 3A 3A 3A 3A 3A 3A 3A 3A 3A 3A 3A 3A 3A 3A 3A 3A 3A 3A 3A 3A 3A 3A 3A 3A 3A 3A 3A 3A 3A 3A 3A 3A 3A 3A 3A 3A 3A 3A 3A 3A 3A 3A 3A 3A 3A 3A 3A 3A 3A 3A 3A 3A
3B 3B 3B 3B 3B 3B 3B 3B 3B 3B 3B 3B 3B 3B 3B 3B 3B 3B 3B 3B 3B 3B 3B 3B 3B 3B 3B 3B 3B 3B 3B 3B 3B 3B 3B 3B 3B 3B 3B 3B 3B 3B 3B 3B 3B 3B 3B 3B 3B 3B 3B 3B 3B 3B 3B 3B 3B 3B 3B 3B 3B 3B 3B 3B 3B 3B 3B 3B 3B 3B 3B 3B 3B 3B 3B 3B 3B 3B 3B 3B
3C 3C 3C 3C 3C 3C 3C 3C 3C 3C 3C 3C 3C 3C 3C 3C 3C 3C 3C 3C 3C 3C 3C 3C 3C 3C 3C 3C 3C 3C 3C 3C 3C 3C 3C 3C 3C 3C 3C 3C 3C 3C 3C 3C 3C 3C 3C 3C 3C 3C 3C 3C 3C 3C 3C 3C 3C 3C 3C 3C 3C 3C 3C 3C 3C 3C 3C 3C 3C 3C 3C 3C 3C 3C 3C 3C 3C 3C 3C 3C
3D 3D 3D 3D 3D 3D 3D 3D 3D 3D 3D 3D 3D 3D 3D 3D 3D 3D 3D 3D 3D 3D 3D 3D 3D 3D 3D 3D 3D 3D 3D 3D 3D 3D 3D 3D 3D 3D 3D 3D 3D 3D 3D 3D 3D 3D 3D 3D 3D 3D 3D 3D 3D 3D 3D 3D 3D 3D 3D 3D 3D 3D 3D 3D 3D 3D 3D 3D 3D 3D 3D 3D 3D 3D 3D 3D 3D 3D 3D 3D
3E 3E 3E 3E 3E 3E 3E 3E 3E 3E 3E 3E 3E 3E 3E 3E 3E 3E 3E 3E 3E 3E 3E 3E 3E 3E 3E 3E 3E 3E 3E 3E 3E 3E 3E 3E 3E 3E 3E 3E 3E 3E 3E 3E 3E 3E 3E 3E 3E 3E 3E 3E 3E 3E 3E 3E 3E 3E 3E 3E 3E 3E 3E 3E 3E 3E 3E 3E 3E 3E 3E 3E 3E 3E 3E 3E 3E 3E 3E 3E
3F 3F 3F 3F 3F 3F 3F 3F 3F 3F 3F 3F 3F 3F 3F 3F 3F 3F 3F 3F 3F 3F 3F 3F 3F 3F 3F 3F 3F 3F 3F 3F 3F 3F 3F 3F 3F 3F 3F 3F 3F 3F 3F 3F 3F 3F 3F 3F 3F 3F 3F 3F 3F 3F 3F 3F 3F 3F 3F 3F 3F 3F 3F 3F 3F 3F 3F 3F 3F 3F 3F 3F 3F 3F 3F 3F 3F 3F 3F 3F
40 40 40 40 40 40 40 40 40 40 40 40 40 40 40 40 40 40 40 40 40 40 40 40 40 40 40 40 40 40 40 40 40 40 40 40 40 40 40 40 40 40 40 40 40 40 40 40 40 40 40 40 40 40 40 40 40 40 40 40 40 40 40 40 40 40 40 40 40 40 40 40 40 40 40 40 40 40 40 40
41 41 41 41 41 41 41 41 41 41 41 41 41 41 41 41 41 41 41 41 41 41 41 41 41 41 41 41 41 41 41 41 41 41 41 41 41 41 41 41 41 41 41 41 41 41 41 41 41 41 41 41 41 41 41 41 41 41 41 41 41 41 41 41 41 41 41 41 41 41 41 41 41 41 41 41 41 41 41 41
42 42 42 42 42 42 42 42 42 42 42 42 42 42 42 42 42 42 42 42 42 42 42 42 42 42 42 42 42 42 42 42 42 42 42 42 42 42 42 42 42 42 42 42 42 42 42 42 42 42 42 42 42 42 42 42 42 42 42 42 42 42 42 42 42 42 42 42 42 42 42 42 42 42 42 42 42 42 42 42
43 43 43 43 43 43 43 43 43 43 43 43 43 43 43 43 43 43 43 43 43 43 43 43 43 43 43 43 43 43 43 43 43 43 43 43 43 43 43 43 43 43 43 43 43 43 43 43 43 43 43 43 43 43 43 43 43 43 43 43 43 43 43 43 43 43 43 43 43 43 43 43 43 43 43 43 43 43 43 43
44 44 44 44 44 44 44 44 44 44 44 44 44 44 44 44 44 44 44 44 44 44 44 44 44 44 44 44 44 44 44 44 44 44 44 44 44 44 44 44 44 44 44 44 44 44 44 44 44 44 44 44 44 44 44 44 44 44 44 44 44 44 44 44 44 44 44 44 44 44 44 44 44 44 44 44 44 44 44 44
45 45 45 45 45 45 45 45 45 45 45 45 45 45 45 45 45 45 45 45 45 45 45 45 45 45 45 45 45 45 45 45 45 45 45 45 45 45 45 45 45 45 45 45 45 45 45 45 45 45 45 45 45 45 45 45 45 45 45 45 45 45 45 45 45 45 45 45 45 45 45 45 45 45 45 45 45 45 45 45
46 46 46 46 46 46 46 46 46 46 46 46 46 46 46 46 46 46 46 46 46 46 46 46 46 46 46 46 46 46 46 46 46 46 46 46 46 46 46 46 46 46 46 46 46 46 46 46 46 46 46 46 46 46 46 46 46 46 46 46 46 46 46 46 46 46 46 46 46 46 46 46 46 46 46 46 46 46 46 46
47 47 47 47 47 47 47 47 47 47 47 47 47 47 47 47 47 47 47 47 47 47 47 47 47 47 47 47 47 47 47 47 47 47 47 47 47 47 47 47 47 47 47 47 47 47 47 47 47 47 47 47 47 47 47 47 47 47 47 47 47 47 47 47 47 47 47 47 47 47 47 47 47 47 47 47 47 47 47 47
48 48 48 48 48 48 48 48 48 48 48 48 48 48 48 48 48 48 48 48 48 48 48 48 48 48 48 48 48 48 48 48 48 48 48 48 48 48 48 48 48 48 48 48 48 48 48 48 48 48 48 48 48 48 48 48 48 48 48 48 48 48 48 48 48 48 48 48 48 48 48 48 48 48 48 48 48 48 48 48
49 49 49 49 49 49 49 49 49 49 49 49 49 49 49 49 49 49 49 49 49 49 49 49 49 49 49 49 49 49 49 49 49 49 49 49 49 49 49 49 49 49 49 49 49 49 49 49 49 49 49 49 49 49 49 49 49 49 49 49 49 49 49 49 49 49 49 49 49 49 49 49 49 49 49 49 49 49 49 49
4A 4A 4A 4A 4A 4A 4A 4A 4A 4A 4A 4A 4A 4A 4A 4A 4A 4A 4A 4A 4A 4A 4A 4A 4A 4A 4A 4A 4A 4A 4A 4A 4A 4A 4A 4A 4A 4A 4A 4A 4A 4A 4A 4A 4A 4A 4A 4A 4A 4A 4A 4A 4A 4A 4A 4A 4A 4A 4A 4A 4A 4A 4A 4A 4A 4A 4A 4A 4A 4A 4A 4A 4A 4A 4A 4A 4A 4A 4A 4A
4B 4B 4B 4B 4B 4B 4B 4B 4B 4B 4B 4B 4B 4B 4B 4B 4B 4B 4B 4B 4B 4B 4B 4B 4B 4B 4B 4B 4B 4B 4B 4B 4B 4B 4B 4B 4B 4B 4B 4B 4B 4B 4B 4B 4B 4B 4B 4B 4B 4B 4B 4B 4B 4B 4B 4B 4B 4B 4B 4B 4B 4B 4B 4B 4B 4B 4B 4B 4B 4B 4B 4B 4B 4B 4B 4B 4B 4B 4B 4B
4C 4C 4C 4C 4C 4C 4C 4C 4C 4C 4C 4C 4C 4C 4C 4C 4C 4C 4C 4C 4C 4C 4C 4C 4C 4C 4C 4C 4C 4C 4C 4C 4C 4C 4C 4C 4C 4C 4C 4C 4C 4C 4C 4C 4C 4C 4C 4C 4C 4C 4C 4C 4C 4C 4C 4C 4C 4C 4C 4C 4C 4C 4C 4C 4C 4C 4C 4C 4C 4C 4C 4C 4C 4C 4C 4C 4C 4C 4C 4C
4D 4D 4D 4D 4D 4D 4D 4D 4D 4D 4D 4D 4D 4D 4D 4D 4D 4D 4D 4D 4D 4D 4D 4D 4D 4D 4D 4D 4D 4D 4D 4D 4D 4D 4D 4D 4D 4D 4D 4D 4D 4D 4D 4D 4D 4D 4D 4D 4D 4D 4D 4D 4D 4D 4D 4D 4D 4D 4D 4D 4D 4D 4D 4D 4D 4D 4D 4D 4D 4D 4D 4D 4D 4D 4D 4D 4D 4D 4D 4D
4E 4E 4E 4E 4E 4E 4E 4E 4E 4E 4E 4E 4E 4E 4E 4E 4E 4E 4E 4E 4E 4E 4E 4E 4E 4E 4E 4E 4E 4E 4E 4E 4E 4E 4E 4E 4E 4E 4E 4E 4E 4E 4E 4E 4E 4E 4E 4E 4E 4E 4E 4E 4E 4E 4E 4E 4E 4E 4E 4E 4E 4E 4E 4E 4E 4E 4E 4E 4E 4E 4E 4E 4E 4E 4E 4E 4E 4E 4E 4E
4F 4F 4F 4F 4F 4F 4F 4F 4F 4F 4F 4F 4F 4F 4F 4F 4F 4F 4F 4F 4F 4F 4F 4F 4F 4F 4F 4F 4F 4F 4F 4F 4F 4F 4F 4F 4F 4F 4F 4F 4F 4F 4F 4F 4F 4F 4F 4F 4F 4F 4F 4F 4F 4F 4F 4F 4F 4F 4F 4F 4F 4F 4F 4F 4F 4F 4F 4F 4F 4F 4F 4F 4F 4F 4F 4F 4F 4F 4F 4F
50 50 50 50 50 50 50 50 50 50 50 50 50 50 50 50 50 50 50 50 50 50 50 50 50 50 50 50 50 50 50 50 50 50 50 50 50 50 50 50 50 50 50 50 50 50 50 50 50 50 50 50 50 50 50 50 50 50 50 50 50 50 50 50 50 50 50 50 50 50 50 50 50 50 50 50 50 50 50 50
51 51 51 51 51 51 51 51 51 51 51 51 51 51 51 51 51 51 51 51 51 51 51 51 51 51 51 51 51 51 51 51 51 51 51 51 51 51 51 51 51 51 51 51 51 51 51 51 51 51 51 51 51 51 51 51 51 51 51 51 51 51 51 51 51 51 51 51 51 51 51 51 51 51 51 51 51 51 51 51
52 52 52 52 52 52 52 52 52 52 52 52 52 52 52 52 52 52 52 52 52 52 52 52 52 52 52 52 52 52 52 52 52 52 52 52 52 52 52 52 52 52 52 52 52 52 52 52 52 52 52 52 52 52 52 52 52 52 52 52 52 52 52 52 52 52 52 52 52 52 52 52 52 52 52 52 52 52 52 52
53 53 53 53 53 53 53 53 53 53 53 53 53 53 53 53 53 53 53 53 53 53 53 53 53 53 53 53 53 53 53 53 53 53 53 53 53 53 53 53 53 53 53 53 53 53 53 53 53 53 53 53 53 53 53 53 53 53 53 53 53 53 53 53 53 53 53 53 53 53 53 53 53 53 53 53 53 53 53 53
54 54 54 54 54 54 54 54 54 54 54 54 54 54 54 54 54 54 54 54 54 54 54 54 54 54 54 54 54 54 54 54 54 54 54 54 54 54 54 54 54 54 54 54 54 54 54 54 54 54 54 54 54 54 54 54 54 54 54 54 54 54 54 54 54 54 54 54 54 54 54 54 54 54 54 54 54 54 54 54
55 55 55 55 55 55 55 55 55 55 55 55 55 55 55 55 55 55 55 55 55 55 55 55 55 55 55 55 55 55 55 55 55 55 55 55 55 55 55 55 55 55 55 55 55 55 55 55 55 55 55 55 55 55 55 55 55 55 55 55 55 55 55 55 55 55 55 55 55 55 55 55 55 55 55 55 55 55 55 55
56 56 56 56 56 56 56 56 56 56 56 56 56 56 56 56 56 56 56 56 56 56 56 56 56 56 56 56 56 56 56 56 56 56 56 56 56 56 56 56 56 56 56 56 56 56 56 56 56 56 56 56 56 56 56 56 56 56 56 56 56 56 56 56 56 56 56 56 56 56 56 56 56 56 56 56 56 56 56 56
57 57 57 57 57 57 57 57 57 57 57 57 57 57 57 57 57 57 57 57 57 57 57 57 57 57 57 57 57 57 57 57 57 57 57 57 57 57 57 57 57 57 57 57 57 57 57 57 57 57 57 57 57 57 57 57 57 57 57 57 57 57 57 57 57 57 57 57 57 57 57 57 57 57 57 57 57 57 57 57
58 58 58 58 58 58 58 58 58 58 58 58 58 58 58 58 58 58 58 58 58 58 58 58 58 58 58 58 58 58 58 58 58 58 58 58 58 58 58 58 58 58 58 58 58 58 58 58 58 58 58 58 58 58 58 58 58 58 58 58 58 58 58 58 58 58 58 58 58 58 58 58 58 58 58 58 58 58 58 58
59 59 59 59 59 59 59 59 59 59 59 59 59 59 59 59 59 59 59 59 59 59 59 59 59 59 59 59 59 59 59 59 59 59 59 59 59 59 59 59 59 59 59 59 59 59 59 59 59 59 59 59 59 59 59 59 59 59 59 59 59 59 59 59 59 59 59 59 59 59 59 59 59 59 59 59 59 59 59 59
5A 5A 5A 5A 5A 5A 5A 5A 5A 5A 5A 5A 5A 5A 5A 5A 5A 5A 5A 5A 5A 5A 5A 5A 5A 5A 5A 5A 5A 5A 5A 5A 5A 5A 5A 5A 5A 5A 5A 5A 5A 5A 5A 5A 5A 5A 5A 5A 5A 5A 5A 5A 5A 5A 5A 5A 5A 5A 5A 5A 5A 5A 5A 5A 5A 5A 5A 5A 5A 5A 5A 5A 5A 5A 5A 5A 5A 5A 5A 5A
5B 5B 5B 5B 5B 5B 5B 5B 5B 5B 5B 5B 5B 5B 5B 5B 5B 5B 5B 5B 5B 5B 5B 5B 5B 5B 5B 5B 5B 5B 5B 5B 5B 5B 5B 5B 5B 5B 5B 5B 5B 5B 5B 5B 5B 5B 5B 5B 5B 5B 5B 5B 5B 5B 5B 5B 5B 5B 5B 5B 5B 5B 5B 5B 5B 5B 5B 5B 5B 5B 5B 5B 5B 5B 5B 5B 5B 5B 5B 5B
CD CD CD CD CD CD CD CD CD CD CD CD CD CD CD CD CD CD CD CD CD CD CD CD CD CD CD CD CD CD CD CD CD CD CD CD CD CD CD CD CD CD CD CD CD CD CD CD CD CD CD CD CD CD CD CD CD CD CD CD CD CD CD CD CD CD CD CD CD CD CD CD CD CD CD CD CD CD CD CD
5D 5D 5D 5D 5D 5D 5D 5D 5D 5D 5D 5D 5D 5D 5D 5D 5D 5D 5D 5D 5D 5D 5D 5D 5D 5D 5D 5D 5D 5D 5D 5D 5D 5D 5D 5D 5D 5D 5D 5D 5D 5D 5D 5D 5D 5D 5D 5D 5D 5D 5D 5D 5D 5D 5D 5D 5D 5D 5D 5D 5D 5D 5D 5D 5D 5D 5D 5D 5D 5D 5D 5D 5D 5D 5D 5D 5D 5D 5D 5D
5E 5E 5E 5E 5E 5E 5E 5E 5E 5E 5E 5E 5E 5E 5E 5E 5E 5E 5E 5E 5E 5E 5E 5E 5E 5E 5E 5E 5E 5E 5E 5E 5E 5E 5E 5E 5E 5E 5E 5E 5E 5E 5E 5E 5E 5E 5E 5E 5E 5E 5E 5E 5E 5E 5E 5E 5E 5E 5E 5E 5E 5E 5E 5E 5E 5E 5E 5E 5E 5E 5E 5E 5E 5E 5E 5E 5E 5E 5E 5E
5F 5F 5F 5F 5F 5F 5F 5F 5F 5F 5F 5F 5F 5F 5F 5F 5F 5F 5F 5F 5F 5F 5F 5F 5F 5F 5F 5F 5F 5F 5F 5F 5F 5F 5F 5F 5F 5F 5F 5F 5F 5F 5F 5F 5F 5F 5F 5F 5F 5F 5F 5F 5F 5F 5F 5F 5F 5F 5F 5F 5F 5F 5F 5F 5F 5F 5F 5F 5F 5F 5F 5F 5F 5F 5F 5F 5F 5F 5F 5F
60 60 60 60 60 60 60 60 60 60 60 60 60 60 60 60 60 60 60 60 60 60 60 60 60 60 60 60 60 60 60 60 60 60 60 60 60 60 60 60 60 60 60 60 60 60 60 60 60 60 60 60 60 60 60 60 60 60 60 60 60 60 60 60 60 60 60 60 60 60 60 60 60 60 60 60 60 60 60 60
68 6F 6C 61 20 6D 75 6E 64 6F 20 42 29 20 65 73 74 65 20 65 73 20 75 6E 20 6D 65 6E 73 61 6A 65 20 64 65 20 70 72 75 65 62 61 20 6D 75 79 20 6C 61 72 67 6F 20 31 32 33 34 35 36 37 38 39 30 20 2E 2D 2E 20 3A 76 20 37 75 37 20 28 2A 5F 2A 29
20 5F 5F 5F 20 20 20 76 20 20 20 76 20 76 20 20 5F 5F 5F 20 3C 2A 2C 2A 3E 3C 2A 2C 2A 3E 3C 2A 2C 2A 3E 3C 60 2C 27 3E 5B 60 2D 27 5D 5B 60 2D 27 5D 5B 60 2D 27 5D 5B 60 2D 27 5D 2D 22 2D 22 2D 2D 22 2D 22 2D 2D 22 2D 22 2D 2D 22 2D 22 2D
68
6F
6C
61
20
6D
75
6E
64
6F
20
4F
B4
AF
60
4F
2E
20
5B
20
20
5D
20
2E
4F
B4
AF
60
4F
A
64
69
67
69
74
61
6C
20
61
6E
61
6E
61
79
79
79
FF
6F
6C
6A
20
6D
75
6E
64
6F
21
20
20
20
20
20
44 
69 
67 
69 
74 
61 
6A 
20 
31 
20 
20 
20 
20 
20 
20 
20